cam_0:
  cam_model: "EquidistantCamera"
  cam_width: 720
  cam_height: 540
  scale: 0.5
  cam_fx: 351.31400364193297
  cam_fy: 351.4911744656785
  cam_cx: 367.8522793375995
  cam_cy: 253.8402144980996
  k1: -0.03696737352869157
  k2: -0.008917880497032812
  k3: 0.008912969593422046
  k4: -0.0037685977496087313

#cam_1:
#  cam_model: "EquidistantCamera"
#  cam_width: 720
#  cam_height: 540
#  scale: 0.5
#  cam_fx: 352.6489794433894
#  cam_fy: 352.8586498571586
#  cam_cx: 347.8170010310082
#  cam_cy: 270.5806692485468
#  k1: -0.039086652082708805
#  k2: -0.005525347047415151
#  k3: 0.004398151558986798
#  k4: -0.0019701263170917808


cam_1:
  cam_model: "EquidistantCamera"
  cam_width: 720
  cam_height: 540
  scale: 0.5
  cam_fx: 352.9514843860555
  cam_fy: 353.32837903547403
  cam_cx: 363.93345228274336
  cam_cy: 266.14511705007413
  k1: -0.03890973498616883
  k2: -0.002604676547864069
  k3: 0.0004634700730293949
  k4: -0.00036698216675371063

cam_2:
  cam_model: "EquidistantCamera"
  cam_width: 720
  cam_height: 540
  scale: 0.5
  cam_fx: 351.5132148653381
  cam_fy: 351.7557554938886
  cam_cx: 342.8425988673232
  cam_cy: 259.91793254535776
  k1: -0.03842764034005408
  k2: -0.005841411460411122
  k3: 0.003451041303088915
  k4: -0.0011463543672005018
